17:25:32    346  Scan Results
Bin Diameter Limits
 10.00	 10.66	 11.37	 12.13	 12.94	 13.80	 14.72	 15.70	 16.76	 17.88	 19.08	 20.36	 21.74	 23.21	 24.78	 26.46	 28.26	 30.19	 32.26	 34.48	 36.85	 39.40	 42.14	 45.09	 48.25	 51.65	 55.32	 59.27	 63.53	 68.12	 73.09	 78.46	 84.28	 90.60	 97.45	104.91	113.03	121.89	131.58	142.18	153.82	166.61	180.71	196.27	213.48	232.57	253.77	277.37	303.70	333.12	366.06	402.97	444.40	490.97	543.35	602.33	668.80	743.78	828.40	923.98	1032.00	
Bin Diameters
 10.33	 11.01	 11.74	 12.53	 13.36	 14.25	 15.20	 16.22	 17.31	 18.47	 19.71	 21.04	 22.46	 23.98	 25.61	 27.35	 29.21	 31.21	 33.35	 35.64	 38.11	 40.75	 43.59	 46.64	 49.92	 53.45	 57.26	 61.36	 65.78	 70.56	 75.72	 81.32	 87.38	 93.95	101.10	108.88	117.36	126.63	136.76	147.87	160.06	173.49	188.29	204.66	222.78	242.89	265.25	290.18	318.00	349.12	383.98	423.08	467.00	516.38	571.96	634.57	705.16	784.80	874.73	976.33	
Bin Concentrations
825.85	851.68	1044.31	1199.09	1276.51	1312.59	1365.07	1408.48	1463.77	1574.72	1610.79	1561.12	1653.20	1802.14	1834.99	1999.66	2235.52	2974.28	3155.57	3131.10	3412.69	3692.12	3668.97	3674.98	3504.96	3538.53	3525.56	4149.17	4542.47	4336.21	4223.93	4569.78	4641.93	3927.89	3554.37	3338.81	2783.40	2368.50	1718.55	1588.44	1630.27	1493.62	1160.38	1024.06	1028.77	1099.53	860.62	530.23	367.33	253.35	177.15	 77.91	 13.79	 52.66	  4.87	  0.80	  1.33	  9.24	  0.94	  0.09	
Sample Ave	Sample Sigma	Sheath Ave	Sheath Sigma	Excess Ave	Excess Sigma	Fine Adj	Ave Pressure	Press Sigma	Ave Temp	Temp Sigma	Ave CPC B	CPC B Sigma	Total Scan Conc
0.496		0.008		5.00		0.015		4.99		0.017		1.000		987.6		0.176		24.8		0.016		5009071.8	28393037.706	3515.81

17:30:52    667  Scan Results
Bin Diameter Limits
 10.00	 10.66	 11.37	 12.13	 12.94	 13.80	 14.72	 15.70	 16.76	 17.88	 19.08	 20.36	 21.74	 23.21	 24.78	 26.46	 28.26	 30.19	 32.26	 34.48	 36.85	 39.40	 42.14	 45.09	 48.25	 51.65	 55.32	 59.27	 63.52	 68.12	 73.09	 78.46	 84.28	 90.60	 97.45	104.91	113.03	121.89	131.57	142.18	153.82	166.61	180.71	196.26	213.48	232.56	253.77	277.37	303.70	333.12	366.05	402.96	444.40	490.96	543.35	602.33	668.80	743.77	828.39	923.97	1032.00	
Bin Diameters
 10.33	 11.01	 11.74	 12.53	 13.36	 14.25	 15.20	 16.22	 17.31	 18.47	 19.71	 21.04	 22.46	 23.98	 25.60	 27.35	 29.21	 31.21	 33.35	 35.64	 38.11	 40.75	 43.59	 46.64	 49.92	 53.45	 57.25	 61.35	 65.78	 70.56	 75.72	 81.31	 87.37	 93.95	101.10	108.88	117.36	126.62	136.76	147.86	160.06	173.49	188.29	204.65	222.77	242.88	265.25	290.17	318.00	349.12	383.98	423.08	467.00	516.38	571.96	634.57	705.16	784.80	874.73	976.33	
Bin Concentrations
300.26	186.49	1091081.96	2413300.16	3086144.68	2118184.47	821466.94	244973.32	67831.19	18836.65	5903.80	2580.08	1791.49	1748.34	1739.98	1720.46	1575.33	1484.58	1918.53	2295.88	2642.60	2907.40	3155.92	3308.36	3438.77	2964.89	3890.54	3419.41	3990.31	4601.02	4515.15	4965.12	4465.99	4157.46	3477.26	3425.88	2585.97	2523.03	2352.24	2069.82	1531.99	1592.49	1493.94	1442.02	1354.87	1013.89	789.80	555.90	294.45	132.87	 81.21	 84.72	 25.47	  4.32	 13.23	  1.36	  2.02	 14.82	  0.99	  0.13	
Sample Ave	Sample Sigma	Sheath Ave	Sheath Sigma	Excess Ave	Excess Sigma	Fine Adj	Ave Pressure	Press Sigma	Ave Temp	Temp Sigma	Ave CPC B	CPC B Sigma	Total Scan Conc
0.477		0.136		5.00		0.011		5.01		0.012		1.000		987.7		0.447		24.6		0.062		     0.0	   0.000	279636.71

17:36:40   1015  Scan Results
Bin Diameter Limits
 10.00	 10.66	 11.37	 12.13	 12.94	 13.80	 14.72	 15.70	 16.75	 17.88	 19.08	 20.36	 21.73	 23.20	 24.77	 26.45	 28.25	 30.18	 32.25	 34.46	 36.84	 39.39	 42.13	 45.07	 48.23	 51.63	 55.29	 59.24	 63.50	 68.09	 73.06	 78.43	 84.24	 90.55	 97.41	104.86	112.98	121.84	131.52	142.12	153.76	166.55	180.64	196.20	213.41	232.50	253.70	277.31	303.64	333.07	366.00	402.92	444.36	490.93	543.32	602.31	668.79	743.77	828.40	923.97	1032.00	
Bin Diameters
 10.33	 11.01	 11.74	 12.53	 13.36	 14.25	 15.20	 16.22	 17.31	 18.47	 19.71	 21.03	 22.45	 23.97	 25.60	 27.34	 29.20	 31.20	 33.34	 35.63	 38.09	 40.73	 43.57	 46.62	 49.90	 53.43	 57.23	 61.33	 65.75	 70.52	 75.69	 81.28	 87.33	 93.91	101.05	108.83	117.31	126.57	136.70	147.80	160.00	173.42	188.23	204.59	222.71	242.82	265.19	290.11	317.94	349.07	383.93	423.04	466.97	516.35	571.94	634.56	705.15	784.80	874.73	976.33	
Bin Concentrations
95609.57	93557.56	92264.24	90808.03	88309.54	85284.85	81826.71	76099.67	68924.28	62840.32	56984.35	50746.49	46361.24	44140.11	39678.37	33965.85	29914.27	27339.99	24832.76	21661.20	18734.58	16364.61	13850.68	12055.76	9817.71	7777.14	6634.25	5852.33	4376.07	3390.19	2795.59	2085.25	1335.71	796.54	375.72	169.74	143.18	232.51	461.40	582.92	707.12	1269.14	535.92	480.60	776.94	355.85	160.04	280.38	700.59	2632.76	2684.69	638.86	257.67	183.82	112.11	 75.82	 66.57	 79.42	 75.14	 61.66	
Sample Ave	Sample Sigma	Sheath Ave	Sheath Sigma	Excess Ave	Excess Sigma	Fine Adj	Ave Pressure	Press Sigma	Ave Temp	Temp Sigma	Ave CPC B	CPC B Sigma	Total Scan Conc
0.517		0.005		4.99		0.012		4.99		0.015		1.000		990.0		0.230		24.4		0.065		     0.0	   0.000	37819.22

17:42:01   1336  Scan Results
Bin Diameter Limits
 10.00	 10.66	 11.37	 12.13	 12.94	 13.80	 14.72	 15.70	 16.75	 17.88	 19.08	 20.36	 21.73	 23.20	 24.77	 26.46	 28.26	 30.19	 32.25	 34.47	 36.85	 39.40	 42.13	 45.08	 48.24	 51.64	 55.31	 59.25	 63.51	 68.11	 73.08	 78.45	 84.27	 90.58	 97.44	104.90	113.02	121.88	131.57	142.18	153.82	166.63	180.73	196.30	213.53	232.63	253.85	277.48	303.83	333.28	366.25	403.21	444.69	491.31	543.75	602.81	669.36	744.42	829.15	924.84	1033.00	
Bin Diameters
 10.33	 11.01	 11.74	 12.53	 13.36	 14.25	 15.20	 16.22	 17.31	 18.47	 19.71	 21.04	 22.46	 23.97	 25.60	 27.34	 29.20	 31.20	 33.34	 35.64	 38.10	 40.74	 43.58	 46.63	 49.91	 53.44	 57.24	 61.34	 65.77	 70.54	 75.71	 81.30	 87.36	 93.94	101.09	108.87	117.35	126.62	136.76	147.87	160.07	173.50	188.32	204.69	222.83	242.95	265.34	290.29	318.15	349.30	384.20	423.35	467.32	516.76	572.40	635.09	705.76	785.50	875.54	977.26	
Bin Concentrations
117831.60	117297.06	109989.06	104144.70	100158.80	96969.05	93608.89	89760.81	84598.79	77238.27	68612.76	60793.72	54098.16	47749.31	42808.83	38970.35	35265.45	30599.44	26050.44	23509.64	20942.33	18158.22	14787.00	12573.48	11544.48	9191.92	7583.30	6562.37	5702.57	4027.70	3480.82	2292.51	1773.93	829.90	475.72	200.75	232.56	268.32	379.22	568.36	1052.92	1433.90	471.39	650.38	1079.49	308.21	201.88	403.72	981.45	3875.42	2233.13	423.47	441.63	205.26	107.07	112.97	 79.91	 31.00	  6.39	 15.10	
Sample Ave	Sample Sigma	Sheath Ave	Sheath Sigma	Excess Ave	Excess Sigma	Fine Adj	Ave Pressure	Press Sigma	Ave Temp	Temp Sigma	Ave CPC B	CPC B Sigma	Total Scan Conc
0.521		0.005		5.01		0.011		5.00		0.013		1.000		990.0		0.279		24.2		0.030		3503773.3	21496652.707	44188.81

17:47:27   1661  Scan Results
Bin Diameter Limits
 10.00	 10.66	 11.37	 12.13	 12.94	 13.80	 14.72	 15.70	 16.75	 17.88	 19.08	 20.36	 21.73	 23.20	 24.77	 26.45	 28.25	 30.18	 32.25	 34.47	 36.84	 39.39	 42.13	 45.07	 48.24	 51.64	 55.30	 59.25	 63.51	 68.10	 73.07	 78.44	 84.26	 90.57	 97.43	104.89	113.01	121.87	131.56	142.17	153.81	166.61	180.72	196.28	213.51	232.61	253.84	277.46	303.82	333.27	366.24	403.20	444.68	491.30	543.75	602.81	669.36	744.43	829.15	924.84	1033.00	
Bin Diameters
 10.33	 11.01	 11.74	 12.53	 13.36	 14.25	 15.20	 16.22	 17.31	 18.47	 19.71	 21.04	 22.45	 23.97	 25.60	 27.34	 29.20	 31.20	 33.34	 35.63	 38.09	 40.74	 43.58	 46.63	 49.91	 53.44	 57.24	 61.34	 65.76	 70.54	 75.70	 81.29	 87.35	 93.93	101.08	108.86	117.34	126.61	136.74	147.86	160.06	173.49	188.31	204.68	222.81	242.94	265.33	290.28	318.13	349.29	384.19	423.34	467.31	516.75	572.40	635.09	705.76	785.50	875.54	977.26	
Bin Concentrations
109779.30	107087.15	103780.69	101622.85	100203.70	97868.07	93980.99	89137.78	83203.61	76651.26	69533.70	60847.59	53373.07	47306.70	42450.68	38468.81	35167.93	31899.25	27579.89	23926.73	21339.97	18895.11	15857.50	14351.91	12595.85	10371.19	9514.31	7800.27	6202.95	5387.67	4352.95	2923.90	2025.63	1000.20	584.04	186.31	158.58	284.53	520.49	774.53	1131.78	1632.51	683.92	767.98	1069.51	353.22	234.52	368.14	1028.06	3575.19	3519.83	676.33	361.44	336.07	136.52	146.14	 90.89	 62.25	 13.96	 34.49	
Sample Ave	Sample Sigma	Sheath Ave	Sheath Sigma	Excess Ave	Excess Sigma	Fine Adj	Ave Pressure	Press Sigma	Ave Temp	Temp Sigma	Ave CPC B	CPC B Sigma	Total Scan Conc
0.529		0.008		5.00		0.017		5.00		0.016		1.000		989.9		0.212		24.0		0.018		1555060.4	11944645.765	43949.25

17:52:47   1982  Scan Results
Bin Diameter Limits
 10.00	 10.66	 11.37	 12.13	 12.94	 13.80	 14.72	 15.70	 16.75	 17.88	 19.08	 20.36	 21.73	 23.20	 24.77	 26.45	 28.25	 30.18	 32.25	 34.47	 36.84	 39.39	 42.13	 45.07	 48.23	 51.64	 55.30	 59.25	 63.50	 68.10	 73.07	 78.44	 84.26	 90.57	 97.43	104.88	113.01	121.87	131.56	142.17	153.81	166.61	180.71	196.28	213.51	232.61	253.83	277.46	303.82	333.27	366.24	403.20	444.68	491.30	543.75	602.80	669.36	744.42	829.15	924.84	1033.00	
Bin Diameters
 10.33	 11.01	 11.74	 12.53	 13.36	 14.25	 15.20	 16.22	 17.31	 18.47	 19.71	 21.04	 22.45	 23.97	 25.60	 27.34	 29.20	 31.20	 33.34	 35.63	 38.09	 40.74	 43.57	 46.62	 49.90	 53.43	 57.24	 61.34	 65.76	 70.54	 75.70	 81.29	 87.35	 93.93	101.08	108.86	117.34	126.60	136.74	147.85	160.06	173.49	188.30	204.68	222.81	242.94	265.33	290.28	318.13	349.29	384.19	423.34	467.31	516.75	572.40	635.08	705.76	785.50	875.54	977.26	
Bin Concentrations
2150.52	2224.39	2056.53	1821.86	1566.87	1365.99	1329.61	1500.59	1656.20	1591.10	1342.84	1053.81	968.97	1034.92	1137.36	1343.21	1499.44	1688.90	1843.56	1917.18	2344.39	2776.25	3235.70	2781.40	2787.73	2785.78	2877.48	3336.14	3918.94	4111.55	4398.02	4370.77	4084.18	3846.62	3502.16	2705.98	2826.66	2235.66	2138.34	1940.01	1806.18	1783.98	1567.39	1329.01	1234.80	1007.60	825.09	465.64	482.52	521.80	292.88	140.43	 86.38	 38.34	 33.83	 77.06	 41.27	 21.04	 43.80	 15.36	
Sample Ave	Sample Sigma	Sheath Ave	Sheath Sigma	Excess Ave	Excess Sigma	Fine Adj	Ave Pressure	Press Sigma	Ave Temp	Temp Sigma	Ave CPC B	CPC B Sigma	Total Scan Conc
0.534		0.017		5.00		0.016		5.01		0.015		1.000		987.7		0.201		24.0		0.018		     0.0	   0.000	3269.20

17:58:08   2303  Scan Results
Bin Diameter Limits
 10.00	 10.66	 11.37	 12.13	 12.94	 13.80	 14.72	 15.70	 16.75	 17.88	 19.08	 20.36	 21.74	 23.20	 24.78	 26.46	 28.26	 30.19	 32.26	 34.47	 36.85	 39.40	 42.14	 45.08	 48.24	 51.65	 55.31	 59.26	 63.52	 68.12	 73.08	 78.46	 84.28	 90.59	 97.45	104.91	113.03	121.90	131.59	142.20	153.84	166.64	180.75	196.32	213.54	232.64	253.87	277.49	303.85	333.30	366.27	403.22	444.70	491.32	543.76	602.82	669.37	744.43	829.15	924.84	1033.00	
Bin Diameters
 10.33	 11.01	 11.74	 12.53	 13.36	 14.25	 15.20	 16.22	 17.31	 18.47	 19.71	 21.04	 22.46	 23.98	 25.60	 27.34	 29.21	 31.20	 33.34	 35.64	 38.10	 40.74	 43.58	 46.63	 49.92	 53.45	 57.25	 61.35	 65.77	 70.55	 75.72	 81.31	 87.37	 93.95	101.10	108.88	117.37	126.63	136.77	147.88	160.09	173.52	188.34	204.71	222.84	242.97	265.36	290.31	318.16	349.31	384.21	423.36	467.33	516.77	572.41	635.09	705.77	785.51	875.54	977.26	
Bin Concentrations
21756.34	21269.32	19967.30	19176.62	18592.87	17449.61	15261.31	12666.10	10504.20	8745.03	7372.39	6336.56	5037.35	3766.53	2979.79	2368.63	1843.56	1230.23	836.98	532.49	312.58	173.96	112.22	104.21	 96.78	 76.40	 72.43	115.05	 46.96	 59.33	 71.13	 22.58	 71.91	 35.47	 36.08	 11.00	 15.19	  9.46	 25.08	 36.63	 19.92	 14.87	 18.45	  1.94	  4.83	  1.28	 10.73	 60.38	  6.93	  2.15	 14.87	  9.46	 11.37	  5.21	  4.01	  1.67	 11.44	 64.15	  9.18	 26.75	
Sample Ave	Sample Sigma	Sheath Ave	Sheath Sigma	Excess Ave	Excess Sigma	Fine Adj	Ave Pressure	Press Sigma	Ave Temp	Temp Sigma	Ave CPC B	CPC B Sigma	Total Scan Conc
0.527		0.004		4.99		0.015		4.99		0.015		1.000		990.0		0.206		24.1		0.040		     0.0	   0.000	5612.33

18:03:29   2623  Scan Results
Bin Diameter Limits
 10.00	 10.66	 11.37	 12.13	 12.94	 13.80	 14.72	 15.70	 16.75	 17.88	 19.08	 20.36	 21.73	 23.20	 24.77	 26.45	 28.26	 30.18	 32.25	 34.47	 36.84	 39.39	 42.13	 45.07	 48.24	 51.64	 55.30	 59.25	 63.51	 68.10	 73.07	 78.44	 84.26	 90.58	 97.43	104.89	113.01	121.87	131.56	142.17	153.82	166.62	180.72	196.29	213.52	232.62	253.84	277.47	303.82	333.27	366.24	403.20	444.68	491.30	543.75	602.81	669.36	744.42	829.15	924.84	1033.00	
Bin Diameters
 10.33	 11.01	 11.74	 12.53	 13.36	 14.25	 15.20	 16.22	 17.31	 18.47	 19.71	 21.04	 22.46	 23.97	 25.60	 27.34	 29.20	 31.20	 33.34	 35.63	 38.10	 40.74	 43.58	 46.63	 49.91	 53.44	 57.24	 61.34	 65.76	 70.54	 75.70	 81.30	 87.36	 93.93	101.08	108.86	117.34	126.61	136.75	147.86	160.06	173.49	188.31	204.68	222.82	242.94	265.33	290.28	318.14	349.29	384.19	423.34	467.31	516.75	572.40	635.09	705.76	785.50	875.54	977.26	
Bin Concentrations
24219.10	23471.39	22708.00	21984.80	21073.18	19437.09	17235.53	15274.26	13737.06	12662.42	12310.56	13318.00	16194.88	18891.98	15264.39	6980.24	2416.38	1167.55	722.43	537.15	365.26	179.62	 47.58	 17.13	 17.01	 29.15	 21.02	 60.13	 30.92	 21.94	  3.67	 14.01	 75.09	 26.15	  8.00	  6.97	 35.46	 15.91	  1.94	  7.08	 32.22	 51.40	 23.66	  3.49	 25.25	  1.87	  0.22	  0.03	  0.00	  0.00	  0.02	  0.04	  0.14	  0.54	  4.40	 30.48	 34.22	 46.36	 42.24	 55.31	
Sample Ave	Sample Sigma	Sheath Ave	Sheath Sigma	Excess Ave	Excess Sigma	Fine Adj	Ave Pressure	Press Sigma	Ave Temp	Temp Sigma	Ave CPC B	CPC B Sigma	Total Scan Conc
0.524		0.008		5.00		0.012		5.00		0.016		1.000		990.3		0.273		24.2		0.032		     0.0	   0.000	7917.83

18:12:19   3154  Scan Results
Bin Diameter Limits
 10.00	 10.66	 11.37	 12.13	 12.94	 13.80	 14.72	 15.70	 16.76	 17.88	 19.08	 20.36	 21.74	 23.21	 24.78	 26.46	 28.26	 30.19	 32.26	 34.47	 36.85	 39.40	 42.14	 45.09	 48.25	 51.65	 55.32	 59.27	 63.53	 68.12	 73.09	 78.47	 84.29	 90.60	 97.46	104.92	113.05	121.91	131.60	142.21	153.86	166.66	180.76	196.33	213.56	232.66	253.88	277.51	303.86	333.31	366.28	403.23	444.71	491.33	543.77	602.82	669.37	744.43	829.15	924.84	1033.00	
Bin Diameters
 10.33	 11.01	 11.74	 12.53	 13.36	 14.25	 15.20	 16.22	 17.31	 18.47	 19.71	 21.04	 22.46	 23.98	 25.60	 27.35	 29.21	 31.21	 33.35	 35.64	 38.11	 40.75	 43.59	 46.64	 49.92	 53.45	 57.26	 61.36	 65.78	 70.56	 75.73	 81.32	 87.38	 93.96	101.11	108.90	117.38	126.65	136.79	147.90	160.10	173.54	188.35	204.73	222.86	242.99	265.38	290.32	318.18	349.33	384.22	423.37	467.34	516.77	572.42	635.10	705.77	785.51	875.54	977.26	
Bin Concentrations
165.72	175.18	110.09	 82.50	 73.83	 44.63	 16.56	  6.42	  7.63	 17.42	 30.08	 50.96	 30.38	 15.40	 14.93	  3.57	  1.33	  4.27	 22.06	 36.56	 10.19	 11.35	  1.58	  0.38	  1.33	  9.35	 12.09	 14.53	  9.85	  2.56	 15.79	 49.28	  4.26	  1.62	  9.55	  0.67	  0.08	  0.01	  0.00	  0.00	  0.00	  0.00	  0.00	  0.00	  0.00	  0.00	  0.00	  0.02	  0.38	  6.46	  0.31	  0.03	  0.00	  0.00	  0.00	  0.00	  0.00	  0.00	  0.00	  0.00	
Sample Ave	Sample Sigma	Sheath Ave	Sheath Sigma	Excess Ave	Excess Sigma	Fine Adj	Ave Pressure	Press Sigma	Ave Temp	Temp Sigma	Ave CPC B	CPC B Sigma	Total Scan Conc
0.515		0.009		4.99		0.012		4.99		0.015		1.000		987.7		0.240		24.3		0.022		     0.0	   0.000	 30.57

18:17:40   3474  Scan Results
Bin Diameter Limits
 10.00	 10.66	 11.37	 12.13	 12.94	 13.80	 14.72	 15.70	 16.76	 17.88	 19.08	 20.36	 21.74	 23.21	 24.78	 26.46	 28.26	 30.19	 32.26	 34.48	 36.85	 39.41	 42.15	 45.09	 48.25	 51.66	 55.32	 59.27	 63.53	 68.13	 73.10	 78.47	 84.30	 90.61	 97.47	104.93	113.05	121.92	131.61	142.22	153.87	166.67	180.77	196.34	213.57	232.67	253.89	277.52	303.87	333.32	366.29	403.24	444.72	491.33	543.77	602.82	669.37	744.43	829.15	924.84	1033.00	
Bin Diameters
 10.33	 11.01	 11.74	 12.53	 13.36	 14.25	 15.20	 16.22	 17.31	 18.47	 19.71	 21.04	 22.46	 23.98	 25.61	 27.35	 29.21	 31.21	 33.35	 35.64	 38.11	 40.75	 43.59	 46.64	 49.92	 53.46	 57.26	 61.36	 65.79	 70.57	 75.73	 81.33	 87.39	 93.97	101.12	108.90	117.39	126.66	136.79	147.91	160.11	173.55	188.36	204.74	222.87	243.00	265.39	290.33	318.18	349.33	384.23	423.37	467.34	516.78	572.42	635.10	705.77	785.50	875.54	977.26	
Bin Concentrations
  0.00	  0.00	  0.23	  0.91	  3.23	 10.54	 18.93	  8.97	  2.50	  0.62	  0.14	  0.03	  0.01	  0.00	  0.00	  0.00	  0.00	  0.00	  0.00	  0.00	  0.03	  0.23	  1.83	 11.51	  3.73	 11.27	  1.19	  0.27	  1.34	 10.79	  1.00	  0.17	  0.66	  7.17	  0.58	  0.06	  0.03	  0.48	  7.06	  0.48	  0.51	  7.07	  1.02	  9.61	  0.55	  0.04	  0.01	  0.00	  0.00	  0.00	  0.02	  0.39	  6.41	  0.32	  0.03	  0.00	  0.00	  0.00	  0.00	  0.00	
Sample Ave	Sample Sigma	Sheath Ave	Sheath Sigma	Excess Ave	Excess Sigma	Fine Adj	Ave Pressure	Press Sigma	Ave Temp	Temp Sigma	Ave CPC B	CPC B Sigma	Total Scan Conc
0.520		0.010		5.01		0.010		5.00		0.013		1.000		987.6		0.216		24.3		0.015		     0.0	   0.000	  4.12

18:23:00   3795  Scan Results
Bin Diameter Limits
 10.00	 10.66	 11.37	 12.13	 12.94	 13.80	 14.72	 15.70	 16.76	 17.88	 19.08	 20.36	 21.74	 23.21	 24.78	 26.46	 28.26	 30.19	 32.26	 34.48	 36.85	 39.40	 42.14	 45.09	 48.25	 51.65	 55.32	 59.27	 63.53	 68.13	 73.09	 78.47	 84.29	 90.61	 97.46	104.92	113.05	121.91	131.60	142.21	153.86	166.66	180.76	196.33	213.56	232.66	253.88	277.51	303.86	333.32	366.28	403.23	444.71	491.33	543.77	602.82	669.37	744.43	829.15	924.84	1033.00	
Bin Diameters
 10.33	 11.01	 11.74	 12.53	 13.36	 14.25	 15.20	 16.22	 17.31	 18.47	 19.71	 21.04	 22.46	 23.98	 25.60	 27.35	 29.21	 31.21	 33.35	 35.64	 38.11	 40.75	 43.59	 46.64	 49.92	 53.45	 57.26	 61.36	 65.78	 70.56	 75.73	 81.32	 87.38	 93.96	101.11	108.90	117.38	126.65	136.79	147.90	160.11	173.54	188.35	204.73	222.86	242.99	265.38	290.32	318.18	349.33	384.22	423.37	467.34	516.77	572.42	635.10	705.77	785.51	875.54	977.26	
Bin Concentrations
  0.00	  0.00	  0.00	  0.00	  0.00	  0.00	  0.00	  0.00	  0.00	  0.00	  0.00	  0.00	  0.00	  0.00	  0.00	  0.00	  0.00	  0.00	  0.00	  0.00	  0.00	  0.00	  0.00	  0.00	  0.03	  0.31	  2.98	 25.65	 21.95	  5.91	 32.30	 12.39	 13.30	 13.19	  9.00	 10.68	  9.95	  0.84	  1.09	 11.87	  9.91	  5.83	  0.36	  0.03	  0.08	  1.21	 13.91	  8.07	  0.40	  0.04	  0.00	  0.00	  0.00	  0.00	  0.00	  0.00	  0.00	  0.00	  0.00	  0.00	
Sample Ave	Sample Sigma	Sheath Ave	Sheath Sigma	Excess Ave	Excess Sigma	Fine Adj	Ave Pressure	Press Sigma	Ave Temp	Temp Sigma	Ave CPC B	CPC B Sigma	Total Scan Conc
0.498		0.075		5.00		0.030		4.99		0.016		1.000		986.3		5.800		24.3		0.021		6828936.8	52454058.689	  6.85

18:31:22   4296  Scan Results
Bin Diameter Limits
 10.00	 10.66	 11.37	 12.13	 12.93	 13.80	 14.72	 15.70	 16.75	 17.87	 19.07	 20.35	 21.73	 23.19	 24.76	 26.44	 28.24	 30.17	 32.24	 34.45	 36.82	 39.37	 42.11	 45.05	 48.21	 51.61	 55.27	 59.21	 63.47	 68.06	 73.02	 78.39	 84.20	 90.51	 97.36	104.81	112.93	121.78	131.46	142.06	153.70	166.49	180.58	196.13	213.35	232.43	253.64	277.25	303.58	333.01	365.95	402.87	444.32	490.90	543.30	602.29	668.78	743.76	828.39	923.97	1032.00	
Bin Diameters
 10.33	 11.01	 11.74	 12.52	 13.36	 14.25	 15.20	 16.22	 17.30	 18.46	 19.70	 21.03	 22.45	 23.97	 25.59	 27.33	 29.19	 31.19	 33.32	 35.62	 38.08	 40.72	 43.55	 46.60	 49.88	 53.40	 57.20	 61.30	 65.72	 70.49	 75.65	 81.24	 87.29	 93.86	101.01	108.78	117.26	126.51	136.64	147.74	159.94	173.36	188.16	204.52	222.64	242.75	265.12	290.05	317.88	349.01	383.88	423.00	466.93	516.32	571.92	634.54	705.14	784.79	874.73	976.33	
Bin Concentrations
 62.65	  0.00	  0.00	  0.00	  0.01	  0.03	  0.11	  0.40	  1.54	  6.12	 16.48	 17.89	 31.26	 49.39	 45.17	 36.26	 10.73	 17.42	 71.53	 39.26	 30.12	  4.73	  2.43	  9.96	  1.47	  1.87	 11.99	  6.44	 38.19	  5.40	  8.55	  0.89	  1.17	 11.21	  1.84	  9.05	  0.63	  0.06	  0.01	  0.05	  0.78	  9.04	  0.45	  0.04	  0.00	  0.00	  0.00	  0.00	  0.00	  0.00	  0.00	  0.00	  0.00	  0.00	  0.00	  0.00	  0.00	  0.03	  0.59	  8.66	
Sample Ave	Sample Sigma	Sheath Ave	Sheath Sigma	Excess Ave	Excess Sigma	Fine Adj	Ave Pressure	Press Sigma	Ave Temp	Temp Sigma	Ave CPC B	CPC B Sigma	Total Scan Conc
0.503		0.013		5.00		0.015		4.99		0.013		1.000		992.7		0.315		24.2		0.053		5549344.2	42625321.602	 16.80

